0.95831
0.95069
0.9496
0.94849
0.94735
0.94614
0.9449
0.94369
0.94246
0.94114
0.93986
0.93849
0.93714
0.93578
0.93432
0.93289
0.93144
0.92989
0.92838
0.92676
0.92519
0.92358
0.92187
0.9202
0.91841
0.91667
0.9149
0.91301
0.91117
0.90921
0.90729
0.90534
0.90326
0.90123
0.89908
0.89697
0.89482
0.89254
0.89032
0.88805
0.88564
0.88329
0.8808
0.87836
0.87588
0.87325
0.87068
0.86796
0.8653
0.86259
0.85972
0.85693
0.85396
0.85107
0.848
0.84488
0.84184
0.83862
0.83548
0.8323
0.82892
0.82563
0.8223
0.81876
0.81548
0.81184
0.8083
0.80471
0.80091
0.79722
0.79331
0.78951
0.78567
0.7816
0.77765
0.77347
0.76941
0.76531
0.76097
0.75676
0.75232
0.748
0.74364
0.73904
0.73458
0.72988
0.72532
0.72071
0.71586
0.71115
0.70641
0.70141
0.69657
0.69147
0.68654
0.68157
0.67634
0.67128
0.66597
0.66083
0.65566
0.65022
0.64497
0.63946
0.63414
0.62878
0.62316
0.61775
0.61206
0.60659
0.60109
0.59532
0.58977
0.58395
0.57835
0.57273
0.56685
0.56119
0.55552
0.54959
0.54389
0.53793
0.53221
0.52648
0.52049
0.51475
0.50875
0.503
0.497
0.49125
0.48525
0.47951
0.47352
0.46779
0.46207
0.45611
0.45041
0.44448
0.43881
0.43315
0.42727
0.42165
0.41605
0.41023
0.40468
0.39891
0.39341
0.38794
0.38225
0.37684
0.37122
0.36586
0.36054
0.35503
0.34978
0.34434
0.33917
0.33403
0.32872
0.32366
0.31843
0.31346
0.30853
0.30343
0.29859
0.29359
0.28885
0.28414
0.27929
0.27468
0.27012
0.26542
0.26096
0.25636
0.252
0.24768
0.24324
0.23903
0.23469
0.23059
0.22653
0.22235
0.2184
0.21433
0.21049
0.20669
0.20278
0.19909
0.19529
0.1917
0.18816
0.18452
0.18124
0.1777
0.17437
0.17108
0.1677
0.16452
0.16138
0.15816
0.15512
0.152
0.14893
0.14604
0.14307
0.14028
0.13741
0.1347
0.13204
0.12932
0.12675
0.12412
0.12164
0.1192
0.11671
0.11436
0.11195
0.10968
0.10746
0.10518
0.10303
0.10092
0.098767
0.096739
0.094662
0.092709
0.090792
0.08883
0.086986
0.085099
0.083325
0.081585
0.079805
0.078132
0.076421
0.074813
0.073237
0.071624
0.07011
0.068561
0.067107
0.065682
0.064224
0.062855
0.061514
0.060143
0.058856
0.057541
0.056306
0.055096
0.05386
0.05265
0.051515
0.050402
0.049313
0